54 84 480 ; 116 27 417 ; 34 105 377 ; 23 17 27 ; 76 125 51 ; 
52 25 302 ; 92 67 402 ; 114 73 358 ; 4 21 443 ; 55 67 41 ; 
11 103 432 ; 38 32 398 ; 15 33 227 ; 32 124 297 ; 30 112 92 ; 
55 118 277 ; 123 68 313 ; 68 14 77 ; 90 18 415 ; 29 95 316 ; 
4 91 323 ; 36 14 6 ; 69 53 65 ; 65 126 48 ; 49 94 329 ; 
39 11 111 ; 107 108 58 ; 122 41 81 ; 12 89 278 ; 107 13 260 ; 
70 120 241 ; 84 110 405 ; 9 11 169 ; 7 56 262 ; 102 5 359 ; 
113 112 365 ; 94 18 432 ; 7 48 464 ; 96 18 22 ; 109 78 198 ; 
101 39 385 ; 84 4 15 ; 95 5 488 ; 23 75 233 ; 28 82 197 ; 
12 11 323 ; 31 108 388 ; 79 56 58 ; 97 126 262 ; 47 80 414 ; 
86 13 480 ; 90 16 189 ; 95 104 345 ; 42 74 217 ; 124 51 0 ; 
8 2 229 ; 116 66 365 ; 44 97 264 ; 42 7 63 ; 122 13 40 ; 
7 1 307 ; 23 91 253 ; 0 8 487 ; 74 21 30 ; 125 58 292 ; 
127 123 337 ; 65 72 473 ; 34 53 41 ; 41 112 449 ; 55 13 275 ; 
56 88 217 ; 19 122 308 ; 28 117 415 ; 49 80 379 ; 107 84 81 ; 
102 85 70 ; 47 94 317 ; 100 91 63 ; 84 4 69 ; 97 87 99 ; 
58 36 214 ; 52 120 98 ; 41 100 442 ; 121 79 90 ; 78 5 463 ; 
35 55 211 ; 2 105 265 ; 93 92 492 ; 98 113 156 ; 57 48 25 ; 
94 38 138 ; 86 85 156 ; 58 23 332 ; 10 117 6 ; 15 4 59 ; 
70 127 137 ; 47 97 225 ; 11 113 499 ; 125 102 0 ; 45 47 178 ; 
84 89 12 ; 41 62 218 ; 64 86 456 ; 53 24 143 ; 57 84 361 ; 
57 93 192 ; 26 10 2 ; 11 57 166 ; 113 70 393 ; 32 52 458 ; 
122 92 460 ; 56 98 112 ; 14 63 365 ; 39 86 161 ; 123 119 294 ; 
88 39 23 ; 99 29 264 ; 28 67 430 ; 98 117 366 ; 23 35 227 ; 
115 127 392 ; 86 47 350 ; 21 8 110 ; 107 33 152 ; 98 111 39 ; 
9 119 478 ; 38 55 311 ; 106 18 262 ; 95 120 182 ; 2 79 221 ; 
2 71 260 ; 49 57 311 ; 58 99 93 ; 91 28 62 ; 75 123 65 ; 
66 86 463 ; 121 9 448 ; 11 31 375 ; 3 81 409 ; 83 102 296 ; 
26 18 494 ; 84 50 464 ; 55 39 466 ; 83 50 420 ; 79 39 135 ; 
37 127 406 ; 46 95 108 ; 77 102 358 ; 30 87 85 ; 5 39 157 ; 
23 122 152 ; 73 78 314 ; 113 84 494 ; 35 20 154 ; 74 48 445 ; 
73 22 260 ; 41 63 77 ; 15 97 59 ; 103 14 172 ; 14 63 395 ; 
8 67 4 ; 87 98 407 ; 43 84 121 ; 64 126 386 ; 112 124 117 ; 
6 72 379 ; 69 58 137 ; 38 89 338 ; 53 70 61 ; 116 81 216 ; 
56 97 451 ; 26 8 259 ; 110 121 106 ; 109 91 310 ; 105 96 494 ; 
49 48 90 ; 107 73 208 ; 69 11 458 ; 11 92 48 ; 92 21 65 ; 
61 92 166 ; 69 43 354 ; 63 82 444 ; 26 36 430 ; 123 54 319 ; 
43 56 408 ; 116 64 106 ; 127 14 193 ; 91 3 378 ; 112 44 185 ; 
76 74 361 ; 120 32 58 ; 74 16 388 ; 110 111 323 ; 36 58 45 ; 
92 111 228 ; 28 85 399 ; 43 38 195 ; 46 61 306 ; 90 94 146 ; 
37 92 430 ; 69 22 111 ; 86 22 299 ; 69 85 101 ; 127 47 179 ; 
110 3 27 ; 67 3 235 ; 106 118 67 ; 39 105 278 ; 5 55 120 ; 
97 117 11 ; 120 0 264 ; 14 3 289 ; 100 80 179 ; 19 11 68 ; 
22 106 128 ; 25 37 414 ; 16 125 238 ; 121 127 440 ; 48 48 251 ; 
37 59 208 ; 38 107 174 ; 41 96 58 ; 122 44 248 ; 5 60 68 ; 
112 76 267 ; 21 75 222 ; 18 13 387 ; 18 57 255 ; 66 12 336 ; 
125 100 424 ; 104 30 6 ; 72 80 340 ; 116 17 77 ; 49 53 171 ; 
125 109 301 ; 72 59 345 ; 85 34 390 ; 14 26 5 ; 26 10 115 ; 
127 43 397 ; 29 113 10 ; 110 93 70 ; 127 114 366 ; 52 2 135 ; 
33 23 240 ; 92 28 365 ; 127 54 222 ; 25 99 399 ; 35 34 338 ; 
78 35 492 ; 63 33 219 ; 28 7 249 ; 15 54 287 ; 17 89 82 ; 
40 45 54 ; 68 126 472 ; 122 24 408 ; 94 8 399 ; 0 6 256 ; 
36 30 260 ; 69 54 390 ; 77 107 154 ; 3 14 38 ; 92 48 325 ; 
9 6 482 ; 7 126 14 ; 32 83 266 ; 40 38 333 ; 46 19 219 ; 
76 35 39 ; 2 1 395 ; 109 31 93 ; 123 90 258 ; 43 35 405 ; 
50 126 21 ; 48 0 50 ; 3 71 153 ; 42 8 257 ; 61 39 261 ; 
96 70 3 ; 97 10 328 ; 1 19 306 ; 91 105 40 ; 126 66 111 ; 
124 119 159 ; 125 53 33 ; 68 122 57 ; 76 96 289 ; 115 109 183 ; 
57 41 144 ; 67 49 136 ; 86 59 197 ; 63 51 334 ; 1 39 289 ; 
120 70 388 ; 45 23 112 ; 40 24 125 ; 8 29 397 ; 117 76 261 ; 
30 56 288 ; 79 4 18 ; 11 50 345 ; 62 96 216 ; 101 106 239 ; 
43 114 173 ; 66 118 185 ; 91 120 31 ; 120 61 363 ; 69 79 87 ; 
125 83 168 ; 2 17 111 ; 52 19 242 ; 20 107 221 ; 126 2 440 ; 
112 27 157 ; 103 45 237 ; 95 108 359 ; 28 83 82 ; 107 66 47 ; 
63 38 288 ; 80 41 301 ; 99 124 223 ; 78 89 251 ; 81 117 72 ; 
108 119 474 ; 25 36 199 ; 5 19 210 ; 88 94 133 ; 26 33 365 ; 
65 41 373 ; 106 46 444 ; 102 54 244 ; 64 113 324 ; 53 65 250 ; 
44 16 263 ; 80 79 388 ; 100 117 309 ; 66 122 59 ; 99 27 351 ; 
12 40 478 ; 58 116 255 ; 112 17 145 ; 98 17 244 ; 35 95 124 ; 
51 127 225 ; 2 11 206 ; 119 48 6 ; 113 91 134 ; 13 95 24 ; 
53 125 75 ; 42 92 223 ; 59 37 326 ; 76 85 254 ; 43 69 316 ; 
42 107 380 ; 53 61 271 ; 102 95 246 ; 65 102 309 ; 32 46 151 ; 
29 90 432 ; 121 17 81 ; 31 3 43 ; 116 102 210 ; 58 42 462 ; 
37 18 198 ; 98 46 384 ; 65 76 410 ; 39 97 232 ; 86 104 113 ; 
48 124 258 ; 65 70 291 ; 69 57 469 ; 43 104 140 ; 85 98 48 ; 
104 8 170 ; 22 89 379 ; 98 95 437 ; 67 75 499 ; 44 120 50 ; 
40 70 468 ; 110 50 328 ; 40 23 354 ; 16 27 371 ; 114 19 338 ; 
123 70 423 ; 84 29 303 ; 51 87 453 ; 126 82 471 ; 118 116 167 ; 
61 109 191 ; 111 21 179 ; 6 127 362 ; 33 46 134 ; 52 8 58 ; 
122 56 96 ; 24 79 151 ; 111 125 255 ; 65 12 22 ; 53 95 332 ; 
34 94 151 ; 56 6 88 ; 55 28 83 ; 102 90 309 ; 110 40 406 ; 
38 104 274 ; 118 36 437 ; 115 51 273 ; 127 118 220 ; 95 54 481 ; 
61 109 106 ; 67 97 65 ; 95 68 37 ; 57 45 376 ; 97 55 454 ; 
74 118 461 ; 110 47 171 ; 33 0 389 ; 23 64 420 ; 78 65 88 ; 
59 119 207 ; 29 80 24 ; 97 97 368 ; 15 42 99 ; 70 88 205 ; 
60 117 242 ; 107 57 308 ; 107 114 258 ; 43 31 144 ; 108 75 191 ; 
100 86 233 ; 52 30 421 ; 22 42 342 ; 64 22 431 ; 24 59 146 ; 
14 65 97 ; 71 18 205 ; 57 80 409 ; 88 48 184 ; 35 40 48 ; 
121 109 36 ; 24 110 404 ; 66 12 217 ; 88 12 363 ; 19 26 219 ; 
85 111 239 ; 103 1 385 ; 55 126 180 ; 104 102 14 ; 16 122 10 ; 
125 123 54 ; 108 95 407 ; 120 120 243 ; 4 39 282 ; 31 22 474 ; 
14 30 26 ; 15 51 235 ; 13 16 58 ; 116 38 105 ; 110 20 21 ; 
105 38 349 ; 73 50 323 ; 65 85 67 ; 105 59 423 ; 127 122 472 ; 
29 76 63 ; 81 115 145 ; 97 1 425 ; 7 70 162 ; 27 116 338 ; 
66 49 409 ; 116 108 58 ; 73 19 43 ; 5 51 285 ; 127 87 442 ; 
75 26 289 ; 62 107 215 ; 63 76 456 ; 5 59 193 ; 121 29 292 ; 
43 110 115 ; 23 41 217 ; 43 44 357 ; 94 113 279 ; 53 31 264 ; 
79 77 287 ; 58 24 226 ; 7 52 316 ; 66 49 467 ; 95 53 136 ; 
78 84 494 ; 119 54 241 ; 35 11 52 ; 21 42 347 ; 52 78 197 ; 
1 113 278 ; 25 95 301 ; 77 11 116 ; 126 118 351 ; 51 103 465 ; 
8 81 148 ; 62 102 366 ; 73 18 473 ; 116 106 69 ; 66 31 86 ; 
52 10 318 ; 19 67 56 ; 31 55 365 ; 21 50 55 ; 124 111 169 ; 
77 12 149 ; 51 118 313 ; 70 88 379 ; 48 93 56 ; 79 119 272 ; 
89 69 495 ; 29 21 11 ; 84 127 46 ; 7 54 417 ; 118 107 295 ; 
2 84 315 ; 121 69 325 ; 81 116 416 ; 46 109 290 ; 37 89 202 ; 
106 8 146 ; 0 107 251 ; 127 98 320 ; 53 119 25 ; 32 34 160 ; 
117 74 246 ; 58 63 81 ; 47 103 382 ; 28 86 123 ; 117 116 373 ; 
126 98 218 ; 105 42 328 ; 75 14 408 ; 67 71 27 ; 101 7 240 ; 
47 62 69 ; 110 119 162 ; 86 41 184 ; 44 44 367 ; 32 93 63 ; 
3 51 101 ; 45 115 475 ; 59 52 344 ; 3 115 460 ; 10 104 91 ; 
72 125 32 ; 63 7 452 ; 104 75 378 ; 20 63 24 ; 113 78 236 ; 
36 83 365 ; 24 86 56 ; 76 67 61 ; 63 123 404 ; 39 118 259 ; 
36 86 490 ; 43 102 490 ; 119 101 46 ; 54 57 390 ; 4 58 443 ; 
88 91 280 ; 46 127 121 ; 113 80 145 ; 108 92 409 ; 98 108 144 ; 
57 6 444 ; 31 104 228 ; 4 10 308 ; 62 21 71 ; 120 52 385 ; 
83 68 17 ; 82 121 217 ; 34 70 312 ; 126 95 145 ; 106 56 30 ; 
112 56 408 ; 89 92 461 ; 99 44 493 ; 120 115 233 ; 44 112 355 ; 
113 114 151 ; 106 75 282 ; 49 83 156 ; 16 77 186 ; 72 51 129 ; 
0 123 243 ; 93 125 224 ; 9 30 209 ; 125 67 448 ; 109 39 333 ; 
95 2 305 ; 43 49 146 ; 126 49 181 ; 75 84 202 ; 126 117 470 ; 
122 0 131 ; 119 124 331 ; 21 81 300 ; 88 10 346 ; 127 59 39 ; 
2 24 320 ; 51 103 4 ; 100 32 159 ; 56 10 449 ; 45 4 21 ; 
46 71 51 ; 42 11 5 ; 124 43 140 ; 6 85 301 ; 65 124 426 ; 
89 17 165 ; 64 5 227 ; 96 36 190 ; 106 65 415 ; 111 42 235 ; 
54 18 133 ; 65 115 203 ; 109 76 317 ; 66 57 389 ; 63 127 367 ; 
80 69 84 ; 85 12 346 ; 121 7 150 ; 58 102 31 ; 101 125 337 ; 
119 66 392 ; 106 53 327 ; 54 83 324 ; 112 108 185 ; 111 12 108 ; 
52 108 131 ; 65 38 75 ; 72 33 148 ; 46 124 157 ; 43 65 403 ; 
110 118 260 ; 35 97 131 ; 118 13 170 ; 99 39 220 ; 111 3 232 ; 
91 30 484 ; 2 9 344 ; 35 73 337 ; 31 2 357 ; 96 117 319 ; 
86 78 459 ; 55 29 409 ; 69 87 372 ; 108 72 371 ; 111 40 294 ; 
13 120 157 ; 22 125 100 ; 95 66 118 ; 97 80 361 ; 86 11 64 ; 
36 114 213 ; 66 71 199 ; 25 64 203 ; 97 47 48 ; 10 1 272 ; 
2 66 483 ; 127 94 164 ; 66 125 390 ; 18 62 309 ; 29 31 78 ; 
16 96 452 ; 87 119 45 ; 23 70 339 ; 70 90 152 ; 71 90 58 ; 
9 73 492 ; 104 69 86 ; 101 87 186 ; 35 72 332 ; 66 26 30 ; 
34 67 451 ; 26 16 55 ; 96 31 399 ; 59 71 58 ; 21 81 257 ; 
95 101 436 ; 36 124 458 ; 124 18 422 ; 68 106 447 ; 95 84 246 ; 
34 91 237 ; 50 115 279 ; 81 98 129 ; 24 104 434 ; 106 53 445 ; 
79 74 286 ; 75 104 89 ; 93 110 222 ; 71 89 222 ; 27 103 102 ; 
119 56 89 ; 106 44 339 ; 76 57 397 ; 52 39 454 ; 106 80 311 ; 
52 15 229 ; 28 44 200 ; 10 110 312 ; 99 44 249 ; 74 47 197 ; 
3 16 36 ; 47 20 219 ; 104 73 153 ; 16 80 385 ; 96 111 30 ; 
111 120 140 ; 28 80 356 ; 10 116 488 ; 55 118 106 ; 102 63 9 ; 
118 35 91 ; 10 127 294 ; 84 68 397 ; 36 86 178 ; 19 28 126 ; 
11 76 334 ; 91 48 90 ; 80 48 334 ; 70 58 140 ; 5 39 231 ; 
40 94 357 ; 39 25 164 ; 108 2 138 ; 66 84 30 ; 94 54 146 ; 
42 121 445 ; 90 43 212 ; 10 121 296 ; 68 81 8 ; 107 97 302 ; 
73 86 23 ; 98 66 59 ; 101 57 131 ; 57 3 243 ; 112 114 133 ; 
105 115 331 ; 20 0 125 ; 13 104 279 ; 94 32 77 ; 63 30 329 ; 
22 33 44 ; 88 76 165 ; 17 31 488 ; 21 94 261 ; 7 95 14 ; 
122 62 22 ; 122 71 323 ; 98 42 155 ; 2 23 204 ; 32 72 463 ; 
65 100 310 ; 14 74 160 ; 45 18 325 ; 12 63 294 ; 107 37 99 ; 
42 124 90 ; 113 59 9 ; 28 15 271 ; 51 111 322 ; 124 46 372 ; 
96 45 225 ; 42 65 254 ; 60 46 168 ; 123 45 154 ; 33 64 454 ; 
29 91 53 ; 88 112 431 ; 103 127 417 ; 87 113 289 ; 5 102 124 ; 
50 123 104 ; 116 81 273 ; 34 54 499 ; 79 72 420 ; 16 102 499 ; 
107 111 400 ; 91 35 201 ; 90 72 22 ; 76 9 221 ; 50 125 152 ; 
45 110 130 ; 126 63 464 ; 52 58 168 ; 124 114 215 ; 98 38 102 ; 
82 122 282 ; 117 108 141 ; 61 54 244 ; 70 103 159 ; 67 112 411 ; 
49 126 21 ; 112 62 66 ; 43 115 152 ; 29 74 97 ; 67 112 109 ; 
62 39 292 ; 42 72 50 ; 96 69 167 ; 71 28 412 ; 55 63 222 ; 
53 20 221 ; 116 22 367 ; 103 22 283 ; 49 75 118 ; 33 125 496 ; 
72 17 211 ; 17 119 221 ; 86 82 375 ; 114 106 399 ; 49 72 15 ; 
69 105 374 ; 91 60 312 ; 113 0 440 ; 61 110 279 ; 58 122 396 ; 
75 74 393 ; 66 87 406 ; 20 15 75 ; 126 38 497 ; 70 5 331 ; 
47 28 340 ; 108 104 45 ; 108 40 364 ; 90 79 449 ; 85 39 250 ; 
31 32 228 ; 118 98 323 ; 5 53 141 ; 44 94 497 ; 49 121 155 ; 
77 69 337 ; 53 86 265 ; 93 66 9 ; 44 32 1 ; 83 58 63 ; 
116 15 340 ; 86 46 247 ; 12 16 154 ; 106 5 491 ; 100 121 455 ; 
41 50 265 ; 0 27 146 ; 66 112 208 ; 98 49 445 ; 29 77 286 ; 
44 61 477 ; 90 77 265 ; 106 83 56 ; 112 94 72 ; 105 22 14 ; 
27 127 362 ; 55 53 308 ; 39 33 396 ; 89 107 490 ; 38 97 393 ; 
99 42 2 ; 48 104 398 ; 3 124 256 ; 98 28 219 ; 120 38 135 ; 
119 21 160 ; 44 45 483 ; 78 69 74 ; 57 31 238 ; 26 92 31 ; 
68 54 165 ; 44 60 332 ; 40 29 133 ; 68 104 368 ; 107 35 234 ; 
0 71 186 ; 45 6 489 ; 114 125 494 ; 17 27 56 ; 110 18 325 ; 
36 47 235 ; 97 47 319 ; 126 96 344 ; 102 21 12 ; 9 43 101 ; 
80 58 124 ; 86 63 296 ; 83 113 425 ; 110 113 407 ; 0 42 288 ; 
47 125 258 ; 95 21 23 ; 63 89 332 ; 84 69 90 ; 0 118 220 ; 
58 18 357 ; 121 46 161 ; 107 119 467 ; 92 50 351 ; 7 127 401 ; 
4 57 150 ; 25 24 113 ; 114 88 272 ; 56 22 464 ; 46 58 56 ; 
65 103 136 ; 111 100 242 ; 103 56 364 ; 25 95 495 ; 24 116 395 ; 
82 10 38 ; 106 80 11 ; 67 116 484 ; 89 88 303 ; 20 17 331 ; 
123 73 169 ; 96 60 294 ; 24 40 150 ; 119 127 365 ; 107 50 346 ; 
118 109 383 ; 70 44 85 ; 58 4 327 ; 19 79 238 ; 36 82 112 ; 
109 4 168 ; 41 118 263 ; 81 88 263 ; 80 33 283 ; 3 4 26 ; 
112 127 394 ; 28 76 92 ; 32 3 30 ; 112 126 36 ; 66 82 223 ; 
70 58 147 ; 61 29 1 ; 21 97 322 ; 55 60 328 ; 59 15 12 ; 
58 77 123 ; 6 1 347 ; 9 123 47 ; 7 47 60 ; 89 119 336 ; 
19 98 262 ; 49 59 305 ; 18 62 462 ; 78 18 383 ; 93 54 286 ; 
42 94 369 ; 43 117 163 ; 38 41 161 ; 86 125 135 ; 77 65 26 ; 
47 71 448 ; 107 20 67 ; 41 30 148 ; 59 62 158 ; 113 20 29 ; 
79 38 490 ; 69 113 437 ; 110 67 108 ; 107 30 91 ; 44 0 69 ; 
115 60 266 ; 8 12 181 ; 38 12 316 ; 100 31 345 ; 121 0 96 ; 
31 62 434 ; 16 39 129 ; 83 60 30 ; 113 119 388 ; 114 8 411 ; 
46 102 287 ; 58 115 131 ; 71 108 99 ; 102 13 153 ; 102 106 30 ; 
36 56 367 ; 76 85 34 ; 8 56 398 ; 127 8 270 ; 7 68 135 ; 
109 43 21 ; 96 6 80 ; 76 105 26 ; 90 115 361 ; 68 97 391 ; 
124 72 201 ; 81 78 282 ; 9 100 218 ; 18 78 322 ; 86 42 37 ; 
1 119 80 ; 8 115 421 ; 113 42 389 ; 100 39 302 ; 69 11 208 ; 
13 84 352 ; 91 66 372 ; 64 124 45 ; 14 62 255 ; 56 127 389 ; 
48 71 359 ; 35 124 304 ; 77 18 208 ; 117 116 170 ; 0 48 46 ; 
84 48 164 ; 23 44 93 ; 19 121 17 ; 82 80 389 ; 81 57 275 ; 
25 120 164 ; 21 57 428 ; 39 1 147 ; 27 59 201 ; 75 90 98 ; 
123 62 434 ; 39 47 410 ; 33 124 309 ; 113 9 201 ; 43 37 259 ; 
35 121 168 ; 92 125 361 ; 94 36 315 ; 25 25 362 ; 115 3 10 ; 
49 109 465 ; 97 44 81 ; 93 1 228 ; 103 106 9 ; 12 37 475 ; 
5 50 366 ; 2 87 189 ; 38 18 454 ; 64 117 16 ; 67 115 397 ; 
49 60 497 ; 93 1 126 ; 94 110 379 ; 73 123 477 ; 110 122 308 ; 
32 36 148 ; 120 114 161 ; 10 28 127 ; 127 36 341 ; 114 69 357 ; 
47 90 125 ; 48 33 226 ; 30 72 275 ; 26 77 81 ; 20 57 50 ; 
57 49 89 ; 43 46 365 ; 71 45 445 ; 107 83 292 ; 48 56 119 ; 
11 97 438 ; 44 59 65 ; 116 114 377 ; 66 8 160 ; 123 102 70 ; 
45 51 82 ; 91 33 415 ; 9 6 258 ; 92 118 269 ; 20 102 112 ; 
118 72 389 ; 49 89 96 ; 36 26 8 ; 44 122 60 ; 18 116 378 ; 
70 3 122 ; 103 74 143 ; 109 61 398 ; 100 118 71 ; 74 27 151 ; 
18 112 52 ; 107 80 194 ; 5 92 7 ; 0 92 415 ; 116 31 55 ; 
119 93 126 ; 66 72 216 ; 127 14 395 ; 117 94 256 ; 16 9 296 ; 
0 73 134 ; 80 127 412 ; 44 103 491 ; 9 114 305 ; 40 42 365 ; 
5 116 389 ; 77 4 313 ; 91 123 255 ; 57 95 326 ; 67 40 443 ; 
12 58 72 ; 12 95 100 ; 115 110 125 ; 101 3 5 ; 15 24 154 ; 
3 34 450 ; 7 35 367 ; 2 102 196 ; 98 40 392 ; 10 95 321 ; 
68 39 192 ; 35 112 57 ; 18 9 257 ; 21 78 152 ; 46 29 9 ; 
80 19 385 ; 115 15 256 ; 89 87 192 ; 1 123 438 ; 96 89 400 ; 
8 121 430 ; 120 38 163 ; 1 95 10 ; 79 11 316 ; 108 29 386 ; 
0 62 436 ; 15 98 208 ; 102 14 15 ; 98 61 316 ; 59 77 233 ; 
52 104 265 ; 91 71 281 ; 58 73 233 ; 70 94 246 ; 99 8 30 ; 
33 96 386 ; 3 8 118 ; 18 35 241 ; 79 23 8 ; 28 12 106 ; 
4 97 209 ; 75 63 65 ; 21 20 176 ; 115 107 355 ; 123 17 401 ; 
91 35 324 ; 99 54 361 ; 6 87 120 ; 29 95 294 ; 41 73 173 ; 
10 110 306 ; 73 72 178 ; 94 124 250 ; 73 107 87 ; 90 32 302 ; 
125 56 133 ; 51 113 220 ; 11 46 271 ; 106 124 153 ; 52 26 182 ; 
34 84 91 ; 106 18 349 ; 103 28 387 ; 82 59 437 ; 115 77 450 ; 
43 90 252 ; 29 66 285 ; 75 13 465 ; 71 94 384 ; 97 76 50 ; 
53 99 274 ; 72 5 413 ; 100 112 383 ; 32 57 362 ; 109 75 57 ; 
72 55 220 ; 10 32 175 ; 24 61 284 ; 118 101 371 ; 67 120 83 ; 
38 62 92 ; 43 39 206 ; 27 123 306 ; 84 53 142 ; 31 66 302 ; 
86 66 88 ; 119 110 484 ; 52 54 62 ; 26 74 242 ; 18 37 381 ; 
80 97 456 ; 120 83 114 ; 115 13 206 ; 40 44 265 ; 107 106 286 ; 
45 22 13 ; 27 10 404 ; 82 9 243 ; 28 31 495 ; 65 44 45 ; 
34 124 147 ; 118 115 372 ; 3 21 188 ; 47 82 127 ; 26 100 51 ; 
48 22 74 ; 59 30 212 ; 68 29 195 ; 99 80 105 ; 16 30 17 ; 
12 125 366 ; 127 45 245 ; 20 85 359 ; 103 112 218 ; 75 52 466 ; 
97 98 256 ; 127 62 28 ; 28 54 267 ; 109 127 239 ; 11 101 483 ; 
8 11 435 ; 54 84 199 ; 11 19 243 ; 124 86 123 ; 48 72 106 ; 
18 84 478 ; 81 16 103 ; 7 8 35 ; 6 67 367 ; 107 98 244 ; 
119 17 267 ; 75 77 380 ; 95 8 306 ; 53 87 85 ; 125 14 345 ; 
81 16 341 ; 97 115 296 ; 105 86 125 ; 45 86 24 ; 15 66 246 ; 
33 58 366 ; 110 58 397 ; 118 112 436 ; 77 49 343 ; 91 111 336 ; 
107 92 233 ; 95 92 290 ; 53 45 388 ; 11 5 145 ; 78 100 302 ; 
8 46 194 ; 66 111 403 ; 50 123 185 ; 99 103 79 ; 82 7 264 ; 
47 37 144 ; 11 19 251 ; 57 99 134 ; 62 29 384 ; 34 3 15 ; 
80 121 273 ; 63 16 129 ; 59 21 463 ; 34 16 229 ; 41 89 13 ; 
78 125 363 ; 98 12 122 ; 69 123 86 ; 98 31 231 ; 102 78 81 ; 
95 76 384 ; 112 81 208 ; 5 25 304 ; 22 18 107 ; 111 111 109 ; 
108 31 202 ; 120 125 269 ; 115 103 99 ; 18 10 284 ; 97 108 471 ; 
45 112 313 ; 126 68 356 ; 23 88 152 ; 42 39 238 ; 25 24 396 ; 
56 51 187 ; 54 28 311 ; 29 103 19 ; 40 119 95 ; 20 106 477 ; 
4 67 478 ; 72 124 427 ; 33 36 102 ; 72 82 317 ; 97 22 303 ; 
20 73 425 ; 48 104 45 ; 23 0 139 ; 14 11 441 ; 121 40 385 ; 
60 39 201 ; 56 82 477 ; 93 124 421 ; 47 62 190 ; 70 41 391 ; 
15 46 484 ; 120 108 172 ; 120 95 428 ; 3 112 499 ; 43 41 21 ; 
82 118 318 ; 37 71 203 ; 33 97 31 ; 95 27 308 ; 9 30 272 ; 
55 2 22 ; 35 122 41 ; 3 34 49 ; 115 97 361 ; 29 47 424 ; 
19 117 420 ; 91 120 474 ; 60 52 219 ; 87 76 109 ; 118 20 108 ; 
120 34 77 ; 115 64 89 ; 21 85 40 ; 119 99 423 ; 38 115 179 ; 
27 47 192 ; 20 62 367 ; 72 113 182 ; 20 70 58 ; 41 123 390 ; 
75 56 68 ; 11 45 76 ; 97 70 439 ; 68 97 437 ; 55 112 216 ; 
103 28 2 ; 37 92 261 ; 22 118 197 ; 93 77 45 ; 88 123 410 ; 
16 31 119 ; 62 59 342 ; 4 75 474 ; 101 112 415 ; 86 12 175 ; 
114 78 30 ; 78 43 401 ; 69 29 114 ; 18 86 93 ; 13 36 94 ; 
44 27 78 ; 103 94 122 ; 50 44 316 ; 34 91 52 ; 46 78 402 ; 
124 120 248 ; 40 10 282 ; 69 64 373 ; 27 13 202 ; 64 55 32 ; 
91 57 253 ; 57 76 433 ; 101 28 352 ; 64 113 451 ; 14 43 313 ; 
7 59 212 ; 17 61 296 ; 81 14 180 ; 95 36 413 ; 22 76 189 ; 
80 1 473 ; 28 98 32 ; 56 43 414 ; 41 38 91 ; 84 67 332 ; 
15 15 162 ; 77 88 261 ; 91 72 382 ; 0 126 492 ; 76 79 183 ; 
78 96 49 ; 48 76 21 ; 91 114 17 ; 1 126 410 ; 69 74 399 ; 
84 36 388 ; 44 6 327 ; 117 120 148 ; 115 60 76 ; 66 95 312 ; 
34 25 240 ; 110 34 262 ; 97 72 15 ; 95 38 350 ; 41 45 220 ; 
77 9 437 ; 83 117 417 ; 76 45 458 ; 8 65 91 ; 104 85 230 ; 
1 54 64 ; 35 100 66 ; 107 67 120 ; 17 126 493 ; 63 58 424 ; 
72 59 449 ; 61 16 379 ; 107 18 178 ; 44 9 378 ; 2 115 323 ; 
56 31 195 ; 28 109 396 ; 96 42 243 ; 94 71 311 ; 24 68 8 ; 
83 105 87 ; 99 92 84 ; 118 35 325 ; 127 53 164 ; 115 80 325 ; 
18 83 323 ; 0 87 47 ; 42 127 111 ; 113 18 235 ; 53 54 417 ; 
31 26 229 ; 123 70 108 ; 30 47 176 ; 84 4 390 ; 36 5 193 ; 
120 8 316 ; 79 67 175 ; 78 26 483 ; 96 82 417 ; 23 103 266 ; 
49 21 160 ; 119 21 47 ; 38 121 306 ; 42 83 321 ; 47 45 469 ; 
55 121 73 ; 122 88 33 ; 21 55 245 ; 103 64 451 ; 78 59 316 ; 
99 107 51 ; 121 58 392 ; 114 4 423 ; 70 109 25 ; 115 42 12 ; 
108 12 59 ; 69 101 491 ; 124 14 57 ; 61 6 222 ; 120 94 17 ; 
99 77 416 ; 29 109 443 ; 33 4 264 ; 15 65 203 ; 57 41 149 ; 
69 65 148 ; 43 16 16 ; 57 89 429 ; 63 56 74 ; 29 125 15 ; 
106 17 223 ; 87 9 6 ; 91 121 115 ; 29 92 4 ; 70 5 51 ; 
7 33 169 ; 23 42 486 ; 113 119 185 ; 41 65 215 ; 38 72 174 ; 
56 71 436 ; 65 41 346 ; 58 40 2 ; 23 73 325 ; 28 120 194 ; 
62 97 121 ; 104 16 164 ; 95 105 316 ; 33 124 337 ; 105 79 450 ; 
49 63 172 ; 90 25 272 ; 3 75 193 ; 76 89 52 ; 68 3 51 ; 
38 116 339 ; 54 109 417 ; 31 125 449 ; 28 126 69 ; 107 40 498 ; 
42 120 103 ; 67 1 460 ; 15 74 75 ; 104 78 62 ; 107 105 130 ; 
96 33 478 ; 77 22 480 ; 74 116 418 ; 72 49 34 ; 112 15 42 ; 
104 86 117 ; 105 79 47 ; 52 34 326 ; 2 120 161 ; 108 26 25 ; 
13 0 317 ; 35 13 305 ; 23 79 6 ; 72 49 88 ; 87 47 240 ; 
46 24 412 ; 125 43 128 ; 31 2 14 ; 23 103 262 ; 49 53 276 ; 
49 110 460 ; 62 7 5 ; 14 109 329 ; 63 29 84 ; 111 21 341 ; 
7 125 244 ; 51 77 454 ; 53 7 431 ; 28 117 398 ; 81 102 473 ; 
63 66 434 ; 70 44 464 ; 51 57 190 ; 80 93 236 ; 101 74 136 ; 
98 15 283 ; 48 1 294 ; 55 113 421 ; 45 127 138 ; 19 37 311 ; 
85 123 316 ; 1 3 120 ; 58 74 378 ; 24 30 302 ; 98 50 126 ; 
113 53 296 ; 115 64 370 ; 100 125 478 ; 99 112 486 ; 8 127 155 ; 
4 95 466 ; 7 127 27 ; 81 102 49 ; 112 0 211 ; 34 106 99 ; 
88 58 406 ; 24 109 375 ; 21 79 314 ; 5 105 154 ; 4 48 146 ; 
100 10 410 ; 99 58 438 ; 73 107 342 ; 73 86 163 ; 52 90 491 ; 
110 64 462 ; 91 23 210 ; 43 98 30 ; 20 16 343 ; 69 34 141 ; 
79 61 233 ; 9 91 289 ; 116 1 429 ; 75 121 30 ; 37 96 100 ; 
101 106 412 ; 124 76 466 ; 94 70 134 ; 111 86 41 ; 17 107 377 ; 
78 4 150 ; 42 2 326 ; 43 99 431 ; 36 13 220 ; 5 1 51 ; 
111 41 228 ; 60 64 9 ; 2 50 269 ; 88 79 324 ; 67 0 327 ; 
72 119 128 ; 74 61 491 ; 45 12 149 ; 58 80 0 ; 60 95 357 ; 
101 19 414 ; 37 44 429 ; 87 66 169 ; 38 54 312 ; 39 25 200 ; 
30 13 32 ; 91 80 336 ; 103 61 106 ; 56 86 271 ; 23 19 361 ; 
43 85 181 ; 87 6 291 ; 25 116 360 ; 79 100 320 ; 104 44 266 ; 
118 56 77 ; 70 12 255 ; 4 42 126 ; 90 117 122 ; 109 123 314 ; 
66 60 105 ; 72 99 224 ; 60 48 32 ; 32 84 149 ; 77 30 49 ; 
5 16 409 ; 18 31 211 ; 60 10 298 ; 50 92 318 ; 45 102 124 ; 
105 7 425 ; 77 84 135 ; 125 120 35 ; 81 53 296 ; 111 66 80 ; 
127 56 237 ; 31 35 355 ; 41 85 213 ; 5 11 121 ; 107 27 351 ; 
114 24 116 ; 70 87 246 ; 62 95 383 ; 116 35 388 ; 54 7 285 ; 
110 57 488 ; 18 112 280 ; 103 57 267 ; 115 62 224 ; 14 118 125 ; 
39 90 284 ; 126 40 158 ; 93 67 473 ; 0 91 111 ; 8 68 75 ; 
65 29 414 ; 49 117 184 ; 106 108 302 ; 40 12 214 ; 30 49 237 ; 
121 65 347 ; 33 67 118 ; 101 12 37 ; 64 20 138 ; 5 15 71 ; 
34 65 415 ; 23 98 408 ; 3 20 109 ; 15 46 27 ; 64 59 191 ; 
1 87 250 ; 68 25 375 ; 81 90 108 ; 101 121 37 ; 116 24 402 ; 
54 63 135 ; 24 39 77 ; 44 64 212 ; 91 67 455 ; 22 110 234 ; 
109 56 470 ; 7 123 151 ; 97 96 83 ; 90 41 92 ; 114 51 141 ; 
49 66 306 ; 88 115 352 ; 24 59 316 ; 91 6 0 ; 74 96 471 ; 
2 122 318 ; 126 21 183 ; 94 117 242 ; 7 37 328 ; 59 59 78 ; 
125 69 269 ; 113 5 462 ; 44 93 67 ; 51 97 395 ; 19 65 123 ; 
14 55 441 ; 35 26 303 ; 24 5 233 ; 62 81 43 ; 121 119 271 ; 
62 16 318 ; 67 91 23 ; 32 126 316 ; 1 57 57 ; 66 80 404 ; 
121 49 91 ; 20 21 89 ; 25 118 253 ; 106 54 165 ; 97 125 123 ; 
114 127 416 ; 77 126 350 ; 75 111 481 ; 4 12 273 ; 85 92 79 ; 
6 63 369 ; 27 49 315 ; 18 70 99 ; 72 115 316 ; 69 95 90 ; 
68 67 55 ; 66 102 481 ; 49 75 330 ; 61 81 373 ; 25 88 302 ; 
89 33 443 ; 10 100 89 ; 80 59 341 ; 67 43 135 ; 34 5 15 ; 
102 65 252 ; 76 110 16 ; 23 105 330 ; 104 46 216 ; 64 120 377 ; 
98 23 423 ; 70 61 92 ; 2 126 178 ; 45 81 286 ; 51 108 81 ; 
116 76 188 ; 98 112 374 ; 75 86 490 ; 122 110 369 ; 114 68 138 ; 
10 51 374 ; 71 123 152 ; 69 77 435 ; 22 111 173 ; 2 84 182 ; 
78 92 257 ; 62 74 101 ; 20 4 252 ; 3 86 187 ; 71 16 485 ; 
122 10 96 ; 117 103 166 ; 66 10 433 ; 49 47 442 ; 5 1 476 ; 
98 7 254 ; 44 0 324 ; 49 92 406 ; 7 4 330 ; 23 37 17 ; 
33 57 140 ; 8 87 326 ; 18 60 167 ; 65 102 193 ; 67 38 190 ; 
74 104 92 ; 74 120 382 ; 39 70 138 ; 43 41 351 ; 80 14 242 ; 
10 59 301 ; 97 97 51 ; 30 125 347 ; 4 90 126 ; 43 105 59 ; 
19 125 330 ; 12 115 48 ; 82 21 167 ; 123 105 438 ; 10 67 49 ; 
69 53 189 ; 38 72 103 ; 35 99 309 ; 126 17 239 ; 103 1 39 ; 
100 51 186 ; 87 48 286 ; 108 119 310 ; 85 101 368 ; 25 126 292 ; 
78 103 98 ; 22 91 279 ; 121 48 161 ; 11 35 265 ; 12 26 135 ; 
63 61 462 ; 111 115 190 ; 102 53 201 ; 75 73 485 ; 73 89 247 ; 
49 115 80 ; 12 82 286 ; 60 88 416 ; 95 1 373 ; 121 40 80 ; 

